0.081769
0.412313
0.746145
1.080045
1.411270
1.747551
2.078163
2.415102
2.745760
3.083696
3.412381
3.751429
4.080907
4.419116
4.744059
5.079932
5.416893
5.746916
6.078095
6.414376
6.746055
7.082177
7.412585
7.744376
8.081066
8.418662
8.747302
9.079864
9.417211
9.747166
10.078594
10.414626
10.745533
11.082177
11.412653
11.748957
12.080635
12.411814
12.746394
13.079365
13.415805
13.747143
14.077801
14.414309
14.744944
15.082268
15.411746
15.750408
16.080250
16.411972
16.746349
17.078821
17.415987
17.746010
18.078957
18.413446
18.744648
19.081451
19.412153
19.749365
20.079342
20.417416
20.746870
21.084898
21.414829
21.745714
22.080589
22.413084
22.537506
22.744444
23.080997
23.411837
23.621450
23.747620
23.954399
24.079296
24.416870
24.745806
25.078617
25.414036
25.745760
26.079615
26.413786
26.747597
27.080158
27.411428
27.747505
28.079048
28.413651
28.745918
28.955759
29.078321
29.288231
29.414263
29.745579
30.080952
30.412857
30.744263
31.080204
31.411293
31.748095
32.078571
32.414875
32.746056
33.080837
33.413628
33.745441
34.080410
34.290951
34.412224
34.621700
34.748550
35.080318
35.410908
35.747120
36.078571
36.414444
36.745510
37.082245
37.413628
37.745033
38.082020
38.412766
38.750500
39.080250
39.413151
39.623604
39.748207
39.957912
40.080681
40.416283
40.744694
41.082676
41.748528
44.079117
44.415829
44.746101
44.956848
45.082653
45.290432
45.414196
45.748707
46.079727
46.414196
46.747868
47.079956
47.412064
47.746895
48.077915
48.413921
48.744831
49.081882
49.412609
49.746872
50.079479
50.289318
50.411156
50.621586
50.747303
51.079205
51.414604
51.747074
52.081997
52.415352
52.746803
53.083969
53.369953
54.747143
55.082516
55.414013
55.624718
55.747120
55.957050
56.077301
56.414421
56.744965
57.082043
57.411339
57.749638
58.079227
58.417030
58.746124
59.078503
59.414352
59.745941
60.077164
60.413288
60.745171
60.957867
61.080772
61.290749
61.410862
61.749546
62.079502
62.410500
62.579071
62.745850
63.082745
63.246212
63.745033
64.077278
64.745872
65.081474
65.412605
65.750069
66.079773
66.413925
66.623695
66.747482
67.081635
67.414787
67.746368
68.081223
68.745895
69.413628
69.748779
70.081314
70.415802
70.748596
71.080772
71.415871
71.748253
72.083176
72.248711
72.415871
72.582199
72.748276
73.082741
73.247253
73.413857
73.748817
73.912247
74.080612
75.072495
75.442947
75.744148
76.077209
76.419228
77.086693
77.410065
77.545830
77.575371
77.753922
78.076897
78.290886
78.418251
78.623245
78.743629
78.861702
78.901222
79.084717
79.411789
79.579773
79.751953
80.078484
80.226532
80.418457
80.745827
81.086029
81.411064
81.524261
81.567390
81.752853
82.077072
82.418549
82.743515
82.870453
82.900703
83.085556
83.411407
83.624084
83.753174
83.956825
84.078613
84.175621
84.218864
84.419685
84.745941
85.087349
85.411697
85.546913
85.600296
85.754059
86.077209
86.421837
86.743240
86.865669
86.885735
86.914062
87.086716
87.411156
87.753448
88.078094
88.186371
88.217911
88.418503
88.745918
88.958641
89.086121
89.290115
89.412292
89.532173
89.564781
89.752243
90.078003
90.420204
90.743126
90.857391
90.883194
91.085854
91.410797
91.753632
92.077774
92.188370
92.218391
92.418915
92.745872
93.086624
93.411812
93.545395
93.574875
93.752769
94.078392
94.292175
94.420433
94.623924
94.743240
94.865669
94.896187
95.085556
95.410362
95.752449
96.196732
96.224289
96.415756
96.849709
96.875282
96.905624
97.080635
97.411858
97.751587
98.418915
99.085510
99.623764
99.752769
99.956352
100.418365
100.743103
101.083488
101.752106
102.417595
103.084534
103.750450
104.074806
104.232246
104.418915
104.956848
105.085831
105.287483
105.753716
106.418480
107.086601
107.752197
108.417755
108.742905
109.085670
109.409752
109.752541
110.291656
110.419090
110.621544
111.085510
111.751427
112.419685
112.742134
113.085350
113.572632
113.751564
114.419022
115.083694
115.625099
115.752792
115.957123
116.260910
116.419777
117.086823
117.408752
117.752609
118.076736
118.260201
118.418686
118.748550
119.080795
119.414696
119.745758
120.083405
120.412720
120.744492
120.953651
121.080452
121.290298
121.412155
121.748184
122.078979
122.415100
122.746552
123.078209
123.413719
123.745644
124.081429
124.412743
124.744400
125.080139
125.411743
125.747368
126.078613
126.287956
126.414917
126.621384
126.746216
127.082695
127.413696
127.745804
128.081390
128.412354
128.746582
129.080154
129.411209
129.747299
130.078339
130.414246
130.746033
131.081879
131.413147
131.622650
131.745163
131.954224
132.080597
132.412216
132.746750
133.079727
133.412292
133.747070
134.078644
134.414764
134.747055
135.083374
135.413986
135.746216
136.082748
136.412720
136.747192
136.959076
137.080368
137.291275
137.414719
137.747345
138.415756
139.080063
139.743134
140.746414
141.413284
141.748413
142.080383
142.289291
142.415787
142.623749
142.746887
143.083267
143.412918
143.750519
144.080093
144.416443
144.746689
145.079361
145.414444
145.746078
146.079346
146.413589
146.744827
147.080841
147.412125
147.622070
147.746628
147.956284
148.079590
148.414536
148.747437
149.080200
149.414825
149.747772
150.079865
150.416229
151.413132
151.749634
152.078735
152.412842
152.746368
152.956512
153.078079
153.287750
153.412720
153.745880
154.080994
154.413147
154.743790
155.081039
155.412018
155.748093
156.078552
156.416306
156.746689
157.078278
157.413193
157.745834
158.081512
158.291901
158.412674
158.623474
158.743561
159.081558
159.412537
159.747772
159.917236
160.078125
160.416931
160.578430
161.077530
161.412430
162.079773
162.414688
162.745880
163.082611
163.412537
163.748428
163.958984
164.080002
164.416138
164.746780
165.079590
165.414474
166.079529
166.747849
167.082581
167.414444
167.749252
168.082001
168.416580
168.748917
169.082428
169.416061
169.747726
169.914810
170.082352
170.246002
170.415039
170.581650
170.748642
171.082520
171.414993
172.405624
172.776489
173.077576
173.409653
173.750595
174.419006
174.744949
174.872650
174.927917
175.085358
175.411072
175.623016
175.752014
175.957886
176.076004
176.197754
176.237961
176.418640
176.743652
177.085403
177.410950
177.530151
177.558884
177.751999
178.079132
178.418777
178.745041
178.845169
178.884369
178.917755
179.085129
179.411560
179.752106
180.076462
180.212296
180.418701
180.743195
180.957626
181.085922
181.292068
181.410629
181.529587
181.551865
181.751358
182.078735
182.418777
182.745102
182.864807
182.897263
183.085648
183.411865
183.583099
183.752701
184.077072
184.197784
184.233765
184.417282
184.743240
184.919678
185.084396
185.410065
185.527069
185.547256
185.751266
186.078842
186.292465
186.417847
186.622742
186.857391
186.903442
187.085495
187.411926
187.752472
188.077682
188.191650
188.218750
188.417374
188.743576
188.923035
189.086578
189.409958
189.553467
189.751389
190.077911
190.420609
190.744904
190.857681
190.891388
191.084686
191.412582
191.625015
191.752380
191.957825
192.188339
192.215210
192.414948
192.853928
192.879257
192.910431
193.082901
193.520096
193.541275
193.563110
193.748734
194.414597
195.751312
196.419113
196.959732
197.083588
197.291565
197.562134
197.752319
198.418045
198.896561
199.084656
199.751038
200.245667
200.416809
201.084473
201.750000
202.289642
202.420242
203.084732
203.409821
203.752579
204.267502
204.417801
205.083649
205.582855
205.751587
206.074463
206.417984
206.741730
206.919434
207.085648
207.625549
207.752151
207.956070
208.418442
209.084778
209.750275
210.418076
211.083984
211.751404
212.419403
212.957657
213.083023
213.289154
213.747986
214.414948
215.082611
217.086685
217.551773
217.752228
218.293472
218.419571
218.623474
219.083771
219.408646
219.751175
220.076035
220.220459
220.419540
221.083771
221.753036
222.420197
222.905197
223.083023
223.624329
223.751694
223.956833
224.076508
224.416595
225.086578
225.410522
225.752518
226.418869
227.086029
227.751617
228.075516
228.418655
228.743286
228.956802
229.086548
229.750275
230.418976
230.891296
231.086105
231.751526
232.229141
232.418442
233.085281
233.409134
233.752228
234.290970
234.419662
234.623352
235.086304
235.752701
236.413086
236.910187
237.080246
237.415482
237.747101
238.080505
238.411514
238.748840
239.078918
239.413986
239.620117
239.746307
239.955719
240.078049
240.413788
240.744644
241.081116
241.412079
241.748779
242.079498
242.414764
242.747238
243.078201
243.413879
243.745667
244.081787
244.413086
244.744995
244.954361
245.080338
245.290527
245.412201
245.748367
246.079132
246.416687
246.746918
247.081467
247.413757
247.745697
248.081726
248.412872
248.744583
249.080521
249.411972
249.747849
250.078964
250.288483
250.415558
250.622040
250.746597
251.078033
251.413895
251.745377
252.081650
252.412674
252.745987
253.080414
253.413635
253.748001
254.079575
254.416458
254.747070
255.081085
255.414734
255.623856
255.746170
255.958160
256.082977
256.416107
256.747986
257.080841
257.413177
257.749329
258.080536
258.416901
259.090118
259.765472
