0.095042
0.560292
1.021562
1.482979
1.944729
2.405146
2.868375
3.327750
3.790979
4.250521
4.713708
5.173250
5.636542
6.096750
6.558979
7.020771
7.481563
7.944271
8.178145
8.404437
8.638833
8.867562
9.327146
9.562708
9.790417
10.249917
10.488146
10.713396
11.173291
11.636146
11.869333
12.096666
12.331875
12.558917
13.020854
13.256458
13.481688
13.716395
13.944583
14.253312
14.408104
15.328625
15.791896
16.251396
16.714582
17.174854
17.636875
18.097145
18.559437
19.021584
19.482084
19.945063
20.404833
20.867792
21.327396
21.790813
22.250771
22.713709
23.174646
23.636499
24.097229
24.559563
25.021833
25.482729
25.946959
26.406979
26.869083
27.329082
28.485313
28.716312
29.022375
29.176855
29.331688
29.483063
29.636625
30.561916
30.870750
31.023582
31.331646
31.484417
31.792126
31.945688
32.101147
32.251667
32.405499
32.868916
33.327896
33.637207
33.791397
34.254021
34.714127
35.176853
35.483604
35.636749
35.792023
35.946583
36.100334
36.559811
37.022812
37.330624
37.482334
37.791939
37.946106
38.254936
38.406105
38.560291
38.715168
38.869125
39.330292
39.791332
40.100376
40.254978
40.714104
41.174229
41.636978
41.946499
42.100437
42.410751
42.560501
43.023438
43.484501
43.792416
43.947689
44.406208
44.869125
45.329792
45.637749
45.792522
45.946022
46.099583
46.256939
46.715019
47.178272
47.484165
47.639061
47.948250
48.102833
48.409542
48.563271
49.026127
49.486313
49.949062
50.871063
52.100311
53.640083
55.948853
56.408375
57.330479
57.793457
58.253834
59.640144
60.100395
62.408314
62.870438
63.794312
64.715775
66.100166
66.561813
67.484894
68.407753
69.792770
70.256752
72.562767
73.024101
74.871002
75.330017
75.793854
76.257690
76.716644
77.177559
77.484566
77.639252
78.101830
78.561920
79.023247
79.483856
79.947670
80.715271
80.869896
81.178314
81.330185
81.640732
82.562248
84.409149
87.201393
88.214417
88.247917
88.713585
89.174232
89.636726
89.947021
90.257545
90.559982
91.022270
91.482170
91.792107
92.102478
92.868774
93.327919
93.637604
93.948044
94.252670
94.714165
95.173981
95.484337
95.947441
96.559753
97.022377
97.332375
97.640518
97.946915
98.405022
98.868622
99.178062
99.640419
100.251747
100.715935
101.025581
101.790459
101.944191
102.097542
102.251541
102.409225
103.485229
103.946541
104.255142
104.406517
104.716728
105.027374
105.330231
105.793480
106.252419
106.562416
107.638832
108.099670
108.408607
109.024727
109.484169
109.793770
109.947998
110.254623
110.717438
111.330086
111.793312
112.102272
112.716415
113.176643
113.486023
113.638893
113.948082
115.023247
115.483292
115.793770
116.405830
125.022377
125.176399
125.331955
125.483040
125.636520
126.102562
126.560440
126.869835
127.023560
127.331001
127.482086
127.791977
127.945770
128.102524
128.255722
128.406204
128.869141
129.330811
129.637451
129.791565
130.253784
130.714294
131.176605
131.483871
131.636902
131.793167
131.947067
132.100952
132.559982
133.022797
133.328644
133.482880
133.793610
133.947037
134.253647
134.406036
134.562500
134.715805
134.869431
135.329056
135.791977
136.102921
136.256439
136.714478
137.176331
137.637665
137.948090
138.101227
138.407578
138.560226
139.023605
139.485703
139.792999
139.947693
140.407120
140.869003
141.331085
141.638809
141.793106
142.253632
142.716309
143.178726
143.484543
143.640167
143.949127
144.099976
144.408173
144.561371
145.486755
148.100266
149.639725
151.947464
152.408752
153.794128
154.254501
155.639603
156.100403
158.408127
158.869736
159.792603
162.558578
163.482162
163.944000
164.404083
164.717484
166.252090
168.558685
170.870895
171.330215
171.793777
172.257233
172.714981
173.176041
173.485703
173.638916
174.103226
174.561462
175.021973
175.484222
175.948639
176.407333
176.715576
176.868454
177.178558
177.330643
177.638870
178.562897
179.485687
183.202789
184.210922
184.245285
184.713348
185.636749
185.946686
186.257141
186.560333
187.022461
187.482132
187.791977
188.101624
188.868546
189.327713
189.638062
189.950958
190.251862
190.714127
191.173599
191.485062
191.948517
192.559662
193.022430
193.328979
193.638977
193.947021
194.405045
194.868622
195.177795
195.639816
196.251434
196.714828
197.025391
197.789978
197.944168
198.097794
198.251617
198.409119
199.485611
199.793442
199.947861
200.254745
200.407104
200.716934
201.330521
201.792313
202.252899
202.562683
203.638214
204.100708
204.408524
205.023376
205.484268
205.793671
205.948044
206.254913
206.717102
207.330536
207.792496
208.102646
208.716171
209.176559
209.638794
209.947266
211.022812
211.483795
211.794098
212.406296
212.869751
213.790939
214.253433
214.715271
215.175369
215.485565
215.638153
215.947586
216.098618
216.408539
216.560120
216.871399
217.022507
217.255722
217.330704
218.255356
218.405273
218.716461
218.868729
219.177505
219.328079
219.639297
219.791336
220.102097
220.250854
220.562561
220.714020
220.946732
221.024445
221.485352
221.948395
222.098587
222.408813
222.559494
222.871124
223.022522
223.331985
223.482285
223.794098
223.945541
224.255493
224.405243
224.640808
224.716690
225.639755
225.791748
226.102005
226.251556
226.562668
226.714798
227.175522
227.638306
228.558517
229.023666
229.483566
229.946472
230.405945
230.869110
231.328522
231.791611
232.100250
233.174057
233.636871
234.098984
234.559555
235.022430
235.482208
235.793869
236.253708
236.868423
237.327850
237.791229
238.250931
238.714005
239.174393
239.484818
240.559433
241.022247
241.482315
241.945419
242.405060
242.868317
243.177505
243.639420
244.251526
244.714630
245.174789
245.637222
246.098557
246.559753
246.870880
247.945587
248.405167
248.868454
249.327881
249.791245
250.250702
250.562057
251.023499
251.636734
252.098862
252.559464
253.022339
253.482254
253.945587
254.254379
254.562805
255.328125
255.791962
256.252472
256.715729
257.175781
257.945831
258.405243
258.794159
258.870758
259.100494
259.486053
259.562347
259.793915
260.253906
260.485413
