0.064313
3.422563
3.672146
4.610396
5.412792
5.920938
6.461771
9.687062
11.290063
12.880042
13.695271
16.087917
17.683022
19.265980
19.666916
20.066833
20.462812
20.865520
21.262812
21.666313
22.065874
22.464209
22.864792
23.267334
23.664104
24.064396
24.466459
24.867416
25.265980
25.665146
26.467625
26.663750
26.864271
27.065313
27.168249
27.266500
28.069437
28.867353
28.969334
29.068562
29.166521
29.267271
29.369667
29.468250
29.567499
29.667875
29.769480
29.868000
29.967688
30.066687
30.167250
30.267605
30.367353
30.460979
30.494207
30.660625
30.760916
30.860188
31.061375
31.160313
31.260645
32.165585
32.269875
32.468521
32.669022
32.868042
33.062668
33.164272
33.256626
33.364582
33.469833
33.660583
33.763790
33.869896
34.067688
34.268749
34.467396
34.661499
34.764313
34.857792
34.964249
35.069584
35.260792
35.364166
35.469437
35.667751
35.868584
36.067749
36.260460
36.364353
36.456165
36.564415
36.669727
36.860374
36.964417
37.069584
37.267979
37.468647
37.659645
37.686146
38.005291
38.062248
38.360477
38.413666
38.670063
38.868668
39.069561
39.259689
39.565208
39.665291
39.763916
40.062332
40.164749
40.269272
40.462273
40.670166
40.862228
41.164856
41.364540
41.469063
41.659561
41.763790
41.794250
41.869415
42.067772
42.269459
42.463917
42.764999
42.865501
42.963959
43.063251
43.262165
43.364918
43.463207
43.661751
43.869373
44.059666
44.472939
44.755707
44.813686
44.874813
44.971355
45.074352
45.271458
45.472626
45.663311
45.870312
45.970459
46.071728
46.171165
46.473167
46.572689
46.674374
46.871605
47.073002
47.263126
47.470501
47.570457
47.675270
47.771416
47.874146
48.061813
48.172832
48.274834
48.471062
48.674145
48.860832
49.070709
49.170063
49.271915
49.371147
49.462917
49.673084
49.772396
49.863457
50.071541
50.273540
50.459999
50.769833
50.875938
50.971687
51.074123
51.259438
51.466625
51.665314
52.063896
52.264126
52.365543
52.462250
52.864063
52.965439
53.065895
53.166248
53.264645
53.662624
53.865124
53.964439
54.063793
54.265102
54.368855
54.457706
54.565125
54.665249
54.766792
54.862686
55.263748
55.465145
55.565189
55.663582
55.862915
56.062790
56.165897
56.262730
56.369438
56.463520
56.666958
56.770542
56.862541
57.065769
57.264915
57.618999
57.773708
57.874542
58.067917
58.272396
58.464333
58.670189
58.770103
58.868187
59.272854
59.372501
59.474144
59.666645
59.874020
60.062668
60.270645
60.370022
60.471085
60.673687
60.860855
60.972958
61.074501
61.267853
61.658958
61.870419
61.970543
62.072021
62.171043
62.263000
62.472710
62.572479
62.662937
62.871460
63.073460
63.259998
63.471146
63.569939
63.675606
63.771854
63.874207
64.059395
64.169731
64.270538
64.364212
64.462440
64.664146
64.862350
65.064003
65.264793
65.363586
65.462814
65.661499
65.768814
65.868332
65.964523
66.063164
66.167336
66.262169
66.368729
66.464272
66.661934
66.861580
66.964020
67.062271
67.166420
67.259438
67.357460
67.462334
67.563248
67.660416
67.757919
67.862434
67.963165
68.060440
68.158524
68.262794
68.461914
68.662498
68.839622
68.968185
70.666000
70.764687
70.863167
70.964127
71.065582
71.164627
71.265335
71.364372
71.466248
71.563560
71.663399
71.766106
71.863586
71.964523
72.063545
72.166435
72.266106
72.364227
72.465248
72.565559
72.666420
72.763229
72.864418
72.965935
73.065475
73.166336
73.264000
73.366875
73.465462
73.564835
73.653877
73.865143
73.964523
74.062851
74.164268
74.265518
74.364586
74.465416
74.564087
74.666420
74.763481
74.863937
74.966103
75.063293
75.164543
75.265274
75.366478
75.461456
75.565376
75.665520
75.765396
75.861687
75.965836
76.064606
76.166733
76.261497
76.364311
76.462288
76.566559
76.666496
76.764999
76.849503
76.972961
77.064041
77.160645
77.262108
77.363274
77.465462
77.564018
77.664604
77.763496
77.867294
77.963608
78.063438
78.166107
78.262650
78.366142
78.465393
78.564812
78.666420
78.764191
78.865311
78.965729
79.067314
79.168251
79.264374
79.362892
79.458420
79.479584
79.564522
79.665375
79.761795
79.877960
79.969559
80.081917
80.172920
80.264252
80.361420
80.463356
80.564316
80.667542
80.763000
80.864021
80.945892
81.067795
81.163002
81.263939
81.365898
81.462227
81.565521
81.665314
81.763939
81.861191
81.964104
82.065231
82.167625
82.265022
82.369064
82.461670
82.562851
82.663315
82.747482
82.831833
82.865143
82.920059
83.095062
83.260979
83.465851
83.564392
83.664810
83.764023
83.865143
83.964417
84.064018
84.163063
84.265083
84.364502
84.464767
84.566711
84.664497
84.765816
84.865372
84.965584
85.065605
85.163170
85.263565
85.365837
85.466103
85.563103
85.662437
85.865189
85.965935
86.065269
86.166267
86.264732
86.364105
86.451309
86.565498
86.651230
86.764084
86.865105
86.963982
87.065002
87.163170
87.263481
87.464813
87.564644
87.664795
87.766541
87.862625
87.966476
88.065292
88.164627
88.261497
88.364143
88.463959
88.565269
88.664955
88.763397
88.863373
89.065186
89.164375
89.265709
89.364105
89.464249
89.563622
89.648232
89.774147
89.864998
89.963562
90.063164
90.266518
90.364563
90.461815
90.562378
90.666061
90.763313
90.864372
91.167480
91.264565
91.363541
91.466331
91.563248
91.665939
91.768021
91.866814
91.966103
92.062103
92.274330
92.369621
92.463646
92.532394
92.563377
92.675232
92.769897
93.067955
93.269394
93.364563
93.463501
93.563148
93.663460
93.763123
93.863708
93.963272
94.064331
94.137123
94.162956
94.261833
94.364983
94.461357
94.567955
94.661377
94.861435
95.058746
95.166855
95.261482
95.284210
95.362892
95.458794
95.662979
95.719872
96.058601
96.216187
99.067711
101.261520
102.062607
102.461586
102.866333
103.263565
103.663605
104.861351
108.865456
109.065292
109.167732
109.265625
109.466019
109.566940
109.666374
109.865524
109.967186
110.063957
110.265358
110.367188
110.463753
110.665337
110.766685
110.864021
111.064125
111.165855
111.265419
111.465294
111.664146
111.865044
111.966705
112.063477
112.264893
112.367188
112.464165
112.665337
112.864998
113.066330
113.263420
113.464645
113.664001
113.864670
114.065147
114.465691
114.664566
114.863937
115.265274
115.464851
115.664482
115.863960
116.065872
116.264351
116.465187
116.665894
116.767479
116.865227
117.265518
117.468185
117.666000
117.868309
118.066727
118.368187
118.467331
118.569687
118.667229
118.767189
118.867523
118.969170
119.067169
119.167252
119.267914
119.369606
119.467064
119.568604
119.667480
119.767670
119.867065
119.967461
120.060539
120.260170
120.361794
120.461021
120.661705
120.760437
120.859833
121.280563
121.430420
121.665375
121.865959
122.071770
122.265106
122.471458
122.665314
122.869873
123.064789
123.261955
123.298477
123.364830
123.469254
123.667145
123.864128
123.964226
124.064331
124.162727
124.264229
124.364731
124.394997
124.453415
124.858124
125.065666
125.270416
125.465149
125.671478
125.865334
126.068726
126.265060
126.462524
126.498413
126.564186
126.672104
126.869209
126.967728
127.064438
127.164955
127.266853
127.297852
127.674232
127.957626
128.014694
128.074234
128.264984
128.470764
128.664963
128.863251
129.064041
129.270493
129.565750
129.670456
129.865067
130.067215
130.269943
130.366043
130.462997
130.870605
131.068649
131.166168
131.261185
131.410568
131.464661
131.671097
131.967712
132.059540
132.264023
132.470734
132.662827
132.765549
132.862503
132.965149
133.063004
133.259293
133.469086
133.660004
134.508713
135.533356
136.473541
136.504913
136.560547
136.613556
136.754059
136.776566
137.263535
137.400620
137.514435
137.577896
137.673874
137.755936
137.828644
137.898270
138.013962
138.442520
138.479141
141.052368
143.510269
